                                                                                                                
"Sphere_lFFA"     1.00      1.00      1.00       2.12       2.12       2.12        443
"Sphere_rFFA"      73.00     -47.00      -6.00       2.12       2.12       2.12        443
"Sphere_lSTS"     1.00      1.00      1.00       2.12       2.12       2.12        443
"Sphere_rSTS"     1.00      1.00      1.00       2.12       2.12       2.12        443
"Sphere_lPPA"     1.00      1.00      1.00       2.12       2.12       2.12        443
"Sphere_rPPA"      60.00     -35.00       0.00       2.12       2.12       2.12        443
"Sphere_lTOS"     1.00      1.00      1.00       2.12       2.12       2.12        443
"Sphere_rTOS"      62.00     -84.00      12.00       2.12       2.12       2.12        443
"Sphere_lLOC"     1.00      1.00      1.00       2.12       2.12       2.12        443
"Sphere_rLOC"      69.00     -83.00      -3.00       2.12       2.12       2.12        443
"Sphere_lPF"      1.00      1.00      1.00       2.12       2.12       2.12        443
"Sphere_rPF"       64.00     -57.00      -8.00       2.12       2.12       2.12        443
"Sphere_VWFA"      81.00     -49.00      -6.00       2.12       2.12       2.12        443
"Sphere_Wer"       87.00     -47.00      28.00       2.12       2.12       2.12        443
"Sphere_Broca"     82.00      26.00      42.00       2.12       2.12       2.12        443
"Sphere_lEVC"     1.00      1.00      1.00       2.12       2.12       2.12        443
"Sphere_rEVC"      45.00     -96.00       3.00       2.12       2.12       2.12        443
