                                                                                                                                                                        
"Sphere_OT2018_lFFA"       7.00     -36.00      10.00       1.76       1.76       1.76        257
"Sphere_OT2018_rFFA"      74.00     -42.00      12.00       1.76       1.76       1.76        257
"Sphere_OT2018_lSTS"      -9.00     -45.00      22.00       1.76       1.76       1.76        257
"Sphere_OT2018_rSTS"      97.00     -42.00      28.00       1.76       1.76       1.76        257
"Sphere_OT2018_lPPA"      15.00     -50.00      19.00       1.76       1.76       1.76        257
"Sphere_OT2018_rPPA"      68.00     -44.00      19.00       1.76       1.76       1.76        257
"Sphere_OT2018_lTOS"       7.00     -95.00      30.00       1.76       1.76       1.76        257
"Sphere_OT2018_rTOS"      77.00     -76.00      32.00       1.76       1.76       1.76        257
"Sphere_OT2018_lLOC"      -2.00     -76.00      12.00       1.76       1.76       1.76        257
"Sphere_OT2018_rLOC"      85.00     -61.00      10.00       1.76       1.76       1.76        257
"Sphere_OT2018_lPF"        9.00     -37.00      11.00       1.76       1.76       1.76        257
"Sphere_OT2018_rPF"       69.00     -25.00       6.00       1.76       1.76       1.76        257
"Sphere_OT2018_lVWFA"      -5.00     -59.00       8.00       1.76       1.76       1.76        257
"Sphere_OT2018_Wer"      -10.00     -37.00      27.00       1.76       1.76       1.76        257
"OT2018_Broca"                1          1          1       1.76       1.76       1.76        257
"Sphere_OT2018_lEVC"      40.00    -100.00      12.00       1.76       1.76       1.76        257
"Sphere_OT2018_rEVC"      57.00     -90.00      16.00       1.76       1.76       1.76        257
