                                                                                                                                                                        
"Sphere_OT2017_lFFA"       7.00     -36.00       8.00       1.76       1.76       1.76        257
"Sphere_OT2017_rFFA"      73.00     -40.00      11.00       1.76       1.76       1.76        257
"Sphere_OT2017_lSTS"      -8.00     -45.00      24.00       1.76       1.76       1.76        257
"Sphere_OT2017_rSTS"      96.00     -40.00      24.00       1.76       1.76       1.76        257
"Sphere_OT2017_lPPA"      15.00     -49.00      19.00       1.76       1.76       1.76        257
"Sphere_OT2017_rPPA"      69.00     -37.00      19.00       1.76       1.76       1.76        257
"Sphere_OT2017_lTOS"       7.00     -94.00      32.00       1.76       1.76       1.76        257
"Sphere_OT2017_rTOS"      76.00     -75.00      30.00       1.76       1.76       1.76        257
"Sphere_OT2017_lLOC"      -2.00     -77.00      13.00       1.76       1.76       1.76        257
"Sphere_OT2017_rLOC"      83.00     -61.00      10.00       1.76       1.76       1.76        257
"Sphere_OT2017_lPF"       10.00     -36.00      10.00       1.76       1.76       1.76        257
"Sphere_OT2017_rPF"       66.00     -24.00       4.00       1.76       1.76       1.76        257
"Sphere_OT2017_lVWFA"      -3.00     -60.00      10.00       1.76       1.76       1.76        257
"Sphere_OT2017_Wer"      -14.00     -38.00      32.00       1.76       1.76       1.76        257
"OT2017_Broca"                1          1          1       1.76       1.76       1.76        257
"Sphere_OT2017_lEVC"      39.00    -101.00      12.00       1.76       1.76       1.76        257
"Sphere_OT2017_rEVC"      56.00     -92.00      15.00       1.76       1.76       1.76        257