                                                                                                                                                                        
"Sphere_OT2014_lFFA"       7.00     -36.00      10.00       1.76       1.76       1.76        257
"Sphere_OT2014_rFFA"      73.00     -39.00      10.00       1.76       1.76       1.76        257
"Sphere_OT2014_lSTS"      -9.00     -46.00      24.00       1.76       1.76       1.76        257
"Sphere_OT2014_rSTS"      95.00     -42.00      24.00       1.76       1.76       1.76        257
"Sphere_OT2014_lPPA"      16.00     -50.00      19.00       1.76       1.76       1.76        257
"Sphere_OT2014_rPPA"      69.00     -37.00      19.00       1.76       1.76       1.76        257
"Sphere_OT2014_lTOS"       7.00     -95.00      31.00       1.76       1.76       1.76        257
"Sphere_OT2014_rTOS"      75.00     -76.00      27.00       1.76       1.76       1.76        257
"Sphere_OT2014_lLOC"      -2.00     -77.00      14.00       1.76       1.76       1.76        257
"Sphere_OT2014_rLOC"      83.00     -62.00       8.00       1.76       1.76       1.76        257
"Sphere_OT2014_lPF"        9.00     -37.00      10.00       1.76       1.76       1.76        257
"Sphere_OT2014_rPF"       69.00     -25.00       4.00       1.76       1.76       1.76        257
"Sphere_OT2014_lVWFA"      -3.00     -59.00      11.00       1.76       1.76       1.76        257
"Sphere_OT2014_Wer"       -7.00     -36.00      29.00       1.76       1.76       1.76        257
"OT2014_Broca"                1          1          1       1.76       1.76       1.76        257
"Sphere_OT2014_lEVC"      38.00     -99.00      11.00       1.76       1.76       1.76        257
"Sphere_OT2014_rEVC"      57.00     -90.00      14.00       1.76       1.76       1.76        257
