                                                                                                                        
"Sphere_lFFA"        0.00     -75.00     -33.00       1.76       1.76       1.76        257
"Sphere_rFFA"       69.00     -70.00     -36.00       1.76       1.76       1.76        257
"Sphere_lSTS"      -11.00     -72.00       1.00       1.76       1.76       1.76        257
"Sphere_rSTS"       78.00     -76.00     -12.00       1.76       1.76       1.76        257
"Sphere_lPPA"       14.00     -60.00     -24.00       1.76       1.76       1.76        257
"Sphere_rPPA"       54.00     -49.00     -29.00       1.76       1.76       1.76        257
"Sphere_lTOS"        5.00     -97.00     -16.00       1.76       1.76       1.76        257
"Sphere_rTOS"       60.00     -96.00      -1.00       1.76       1.76       1.76        257
"Sphere_lLOC"       -5.00     -92.00     -25.00       1.76       1.76       1.76        257
"Sphere_rLOC"       55.00     -94.00     -37.00       1.76       1.76       1.76        257
"Sphere_lPF"        -3.00     -63.00     -38.00       1.76       1.76       1.76        257
"Sphere_rPF"        70.00     -77.00     -43.00       1.76       1.76       1.76        257
"Sphere_rVWFA"      72.00     -70.00     -28.00       1.76       1.76       1.76        257
"Sphere_rWer"       82.00     -43.00      -5.00       1.76       1.76       1.76        257
"Sphere_rBroca"      90.00      23.00      19.00       1.76       1.76       1.76        257
"Sphere_lEVC"       19.00     -90.00     -49.00       1.76       1.76       1.76        257
"Sphere_rEVC"       43.00     -98.00     -37.00       1.76       1.76       1.76        257
