                                                                                                                                                                                                                                                        
"TC_lFFA"                     	    1          1          1           2.12       2.12       2.12        443
"Sphere_TC2017_rFFA"                75.00     -54.00      6.00        2.12       2.12       2.12        443
"TC_lSTS"                      	    1          1          1           2.12       2.12       2.12        443
"Sphere_TC2017_rSTS"                88.00     -29.00      29.00       2.12       2.12       2.12        443
"TC_lPPA"                           1          1          1           2.12       2.12       2.12        443
"Sphere_TC2017_rPPA"                69.00     -41.00      14.00       2.12       2.12       2.12        443
"TC_lTOS"                           1          1          1           2.12       2.12       2.12        443
"Sphere_TC2017_rTOS"                68.00     -79.00      31.00       2.12       2.12       2.12        443
"TC_LOC"                            1          1          1           2.12       2.12       2.12        443
"Sphere_TC2017_rLOC"                69.00     -80.00      21.00       2.12       2.12       2.12        443
"TC_lPF"                            1          1          1           2.12       2.12       2.12        443
"Sphere_TC2017_rPF_medial"          74.00     -58.00       8.00       2.12       2.12       2.12        443
"Sphere_TC2017_rVWFA"               80.00     -57.00       9.00       2.12       2.12       2.12        443
"sphere_TC2017_rWer"                1          1          1           2.12       2.12       2.12        443
"Sphere_TC2017_rBroca_Word-Fix"     68.00      18.00      27.00       2.12       2.12       2.12        443
"Sphere_TC2017_lEVC"                1          1          1       2.12       2.12       2.12        443
"Sphere_TC2017_rEVC"                48.00     -89.00      24.00       2.12       2.12       2.12        443
