                                                                                                                                                                                                                                                        
"TC_lFFA"                     	    1          1          1           2.12       2.12       2.12        443
"Sphere_TC2019_rFFA_posterior"      77.00     -51.00       8.00       2.12       2.12       2.12        443
"TC_lSTS"                      	    1          1          1           2.12       2.12       2.12        443
"Sphere_TC2019_rSTS"                89.00     -29.00      29.00       2.12       2.12       2.12        443
"TC_lPPA"                           1          1          1           2.12       2.12       2.12        443
"Sphere_TC2019_rPPA_higher"         71.00     -40.00      13.00       2.12       2.12       2.12        443
"TC_lTOS"                           1          1          1           2.12       2.12       2.12        443
"Sphere_TC2019_rTOS"                72.00     -76.00      33.00       2.12       2.12       2.12        443
"TC_LOC"                            1          1          1           2.12       2.12       2.12        443
"Sphere_TC2019_rLOC"                73.00     -76.00      13.00       2.12       2.12       2.12        443
"TC_lPF"                            1          1          1           2.12       2.12       2.12        443
"Sphere_TC2019_rPF"                 79.00     -55.00       9.00       2.12       2.12       2.12        443
"Sphere_TC2019_rVWFA"               81.00     -57.00      10.00       2.12       2.12       2.12        443
"sphere_TC2019_rWer"                89.00     -36.00      18.00       2.12       2.12       2.12        443
"Sphere_TC2019_rBroca_Word-Fix"     69.00      18.00      28.00       2.12       2.12       2.12        443
"Sphere_TC2019_lEVC"                1          1          1       2.12       2.12       2.12        443
"Sphere_TC2019_rEVC"                48.00     -89.00      24.00       2.12       2.12       2.12        443
