                                                                                                                                                                        
"Sphere"                 1.00      1.00      1.00       1.76       1.76       1.76        257
"Sphere_TC2016_rFFA"      74.00     -54.00       5.00       1.76       1.76       1.76        257
"Sphere"                 1.00      1.00      1.00       1.76       1.76       1.76        257
"Sphere_TC2016_rSTS"      89.00     -28.00      28.00       1.76       1.76       1.76        257
"Sphere"                 1.00      1.00      1.00       1.76       1.76       1.76        257
"Sphere_TC2016_rPPA"      69.00     -41.00      12.00       1.76       1.76       1.76        257
"Sphere"                 1.00      1.00      1.00       1.76       1.76       1.76        257
"Sphere_TC2016_rTOS"      71.00     -78.00      31.00       1.76       1.76       1.76        257
"Sphere"                 1.00      1.00      1.00       1.76       1.76       1.76        257
"Sphere_TC2016_rLOC"      68.00     -77.00      19.00       1.76       1.76       1.76        257
"Sphere"                 1.00      1.00      1.00       1.76       1.76       1.76        257
"Sphere_TC2016_rPF"       74.00     -56.00       6.00       1.76       1.76       1.76        257
"Sphere_TC2016_rVWFA"      82.00     -59.00       3.00       1.76       1.76       1.76        257
"Sphere"                 1.00      1.00      1.00       1.76       1.76       1.76        257
"Sphere"                 1.00      1.00      1.00       1.76       1.76       1.76        257
"Sphere"                 1.00      1.00      1.00       1.76       1.76       1.76        257
"Sphere_TC2016_rEVC"      48.00     -87.00      24.00       1.76       1.76       1.76        257
