                                                                                                                
"Sphere_lFFA"     1.00      1.00      1.00       2.12       2.12       2.12        443
"Sphere_rFFA"     1.00      1.00      1.00       2.12       2.12       2.12        443
"Sphere_lSTS"     1.00      1.00      1.00       2.12       2.12       2.12        443
"Sphere_rSTS"     1.00      1.00      1.00       2.12       2.12       2.12        443
"Sphere_lPPA"     15.00     -45.00    9.00       2.12       2.12       2.12        443
"Sphere_rPPA"     1.00      1.00      1.00       2.12       2.12       2.12        443
"Sphere_lTOS"     12.00     -79.00    28.00      2.12       2.12       2.12        443
"Sphere_rTOS"     1.00      1.00      1.00       2.12       2.12       2.12        443
"Sphere_lLOC"     1.00     -69.00     7.00       2.12       2.12       2.12        443
"Sphere_rLOC"     1.00      1.00      1.00       2.12       2.12       2.12        443
"Sphere_lPF"      1.00     -64.00     1.00       2.12       2.12       2.12        443
"Sphere_rPF"      1.00      1.00      1.00       2.12       2.12       2.12        443
"Sphere_VWFA"     -5.00     -37.00    7.00       2.12       2.12       2.12        443
"Sphere_Wer"      -5.00     -26.00    39.00      2.12       2.12       2.12        443
"Sphere_Broca"    1.00      1.00      1.00       2.12       2.12       2.12        443
"Sphere_lEVC"     32.00     -89.00    16.00      2.12       2.12       2.12        443
"Sphere_rEVC"     1.00      1.00      1.00       2.12       2.12       2.12        443
