                                                                                                                
"Sphere_lFFA"     4.00     -32.00      -1.00      2.12       2.12       2.12        443
"Sphere_rFFA"     1.00      1.00       1.00       2.12       2.12       2.12        443
"Sphere_lSTS"     1.00     -55.00      26.00      2.12       2.12       2.12        443
"Sphere_rSTS"     1.00      1.00       1.00       2.12       2.12       2.12        443
"Sphere_lPPA"     13.00     -43.00     11.00      2.12       2.12       2.12        443
"Sphere_rPPA"     1.00      1.00       1.00       2.12       2.12       2.12        443
"Sphere_lTOS"     4.00     -75.00      26.00      2.12       2.12       2.12        443
"Sphere_rTOS"     1.00      1.00       1.00       2.12       2.12       2.12        443
"Sphere_lLOC"     2.00     -67.00      11.00      2.12       2.12       2.12        443
"Sphere_rLOC"     1.00      1.00       1.00       2.12       2.12       2.12        443
"Sphere_lPF"      2.00     -46.00      2.00       2.12       2.12       2.12        443
"Sphere_rPF"      1.00      1.00       1.00       2.12       2.12       2.12        443
"Sphere_VWFA"     -9.00     -34.00     -4.00      2.12       2.12       2.12        443
"Sphere_Wer"      -10.00    -21.00      32.00      2.12       2.12       2.12        443
"Sphere_Broca"    1.00      1.00       37.00      2.12       2.12       2.12        443
"Sphere_lEVC"     26.00     -86.00     17.00      2.12       2.12       2.12        443
"Sphere_rEVC"     1.00      1.00       1.00       2.12       2.12       2.12        443
