                                                                                                                
"Sphere_lFFA"     5.00     -35.00     -2.00      2.12       2.12       2.12        443
"Sphere_rFFA"     -1.00     1.00      1.00       2.12       2.12       2.12        443
"Sphere_lSTS"     1.00     -58.00     23.00      2.12       2.12       2.12        443
"Sphere_rSTS"     1.00      1.00      1.00       2.12       2.12       2.12        443
"Sphere_lPPA"     14.00    -43.00     10.00      2.12       2.12       2.12        443
"Sphere_rPPA"     1.00      1.00      1.00       2.12       2.12       2.12        443
"Sphere_lTOS"     5.00     -75.00     25.00      2.12       2.12       2.12        443
"Sphere_rTOS"     1.00      1.00      1.00       2.12       2.12       2.12        443
"Sphere_lLOC"     6.00     -65.00     12.00      2.12       2.12       2.12        443
"Sphere_rLOC"     1.00      1.00      1.00       2.12       2.12       2.12        443
"Sphere_lPF"      -1.00    -49.00     -2.00      2.12       2.12       2.12        443
"Sphere_rPF"      1.00      1.00      1.00       2.12       2.12       2.12        443
"Sphere_VWFA"     -6.00     -36.00    4.00       2.12       2.12       2.12        443
"Sphere_Wer"      -14.00    -22.00    28.00      2.12       2.12       2.12        443
"Sphere_Broca"    1.00      1.00      1.00       2.12       2.12       2.12        443
"Sphere_lEVC"     24.00     -86.00    16.00      2.12       2.12       2.12        443
"Sphere_rEVC"     1.00      1.00      1.00       2.12       2.12       2.12        443
