                                                                                                                
"Sphere_lFFA"     1.00     -54.00     -4.00       1.76       1.76       1.76        257
"Sphere_rFFA"     1.00       1.00      1.00       1.76       1.76       1.76        257
"Sphere_lSTS"     -2.00     -56.00    22.00       1.76       1.76       1.76        257
"Sphere_rSTS"     1.00       1.00      1.00       1.76       1.76       1.76        257
"Sphere_lPPA"     15.00     -41.00     9.00       1.76       1.76       1.76        257
"Sphere_rPPA"     1.00       1.00      1.00       1.76       1.76       1.76        257
"Sphere_lTOS"     9.00     -78.00      25.00      1.76       1.76       1.76        257
"Sphere_rTOS"     1.00       1.00      1.00       1.76       1.76       1.76        257
"Sphere_lLOC"     4.00     -64.00      12.00      1.76       1.76       1.76        257
"Sphere_rLOC"     1.00       1.00      1.00       1.76       1.76       1.76        257
"Sphere_lPF"      -2.00    -57.00      2.00       1.76       1.76       1.76        257
"Sphere_rPF"      1.00       1.00      1.00       1.76       1.76       1.76        257
"Sphere_VWFA"     4.00     -56.00      5.00       1.76       1.76       1.76        257
"Sphere_Wer"      -6.00    -20.00      39.00      1.76       1.76       1.76        257
"Sphere_Broca"    1.00      17.00      42.00      1.76       1.76       1.76        257
"Sphere_lEVC"     27.00    -85.00      16.00      1.76       1.76       1.76        257
"Sphere_rEVC"     1.00       1.00      1.00       1.76       1.76       1.76        257
