                                                                                                                
"Sphere_lFFA"     6.00     -53.00      -1.00       2.12       2.12       2.12        443
"Sphere_rFFA"     1.00       1.00       1.00       1.76       1.76       1.76        257
"Sphere_lSTS"     -3.00    -55.00       20.00      2.12       2.12       2.12        443
"Sphere_rSTS"     1.00       1.00       1.00       1.76       1.76       1.76        257
"Sphere_lPPA"     17.00     -40.00      8.00       2.12       2.12       2.12        443
"Sphere_rPPA"     1.00       1.00       1.00       1.76       1.76       1.76        257
"Sphere_lTOS"     11.00     -73.00      27.00      2.12       2.12       2.12        443
"Sphere_rTOS"     1.00       1.00       1.00       1.76       1.76       1.76        257
"Sphere_lLOC"     3.00     -65.00      10.00       2.12       2.12       2.12        443
"Sphere_rLOC"     1.00       1.00       1.00       1.76       1.76       1.76        257
"Sphere_lPF"      0.00     -58.00      -1.00       2.12       2.12       2.12        443
"Sphere_rPF"      1.00       1.00       1.00       1.76       1.76       1.76        257
"Sphere_VWFA"     6.00     -55.00       7.00       2.12       2.12       2.12        443
"Sphere_Wer"      -6.00    -23.00      36.00       2.12       2.12       2.12        443
"Sphere_Broca"    0.00      13.00      38.00       2.12       2.12       2.12        443
"Sphere_lEVC"     30.00    -83.00      20.00       2.12       2.12       2.12        443
"Sphere_rEVC"     1.00      1.00        1.00       1.76       1.76       1.76        257
