                                                                                                                
"Sphere_lFFA"       7.00     -53.00     -30.00       1.76       1.76       1.76        257
"Sphere_rFFA"      73.00     -43.00     -32.00       1.76       1.76       1.76        257
"Sphere_lSTS"      -1.00     -67.00     -10.00       1.76       1.76       1.76        257
"Sphere_rSTS"      85.00     -61.00     -15.00       1.76       1.76       1.76        257
"Sphere_lPPA"      18.00     -57.00     -25.00       1.76       1.76       1.76        257
"Sphere_rPPA"      58.00     -42.00     -21.00       1.76       1.76       1.76        257
"Sphere_lTOS"      20.00     -92.00     -23.00       1.76       1.76       1.76        257
"Sphere_rTOS"      63.00     -97.00     -21.00       1.76       1.76       1.76        257
"Sphere_lLOC"      -6.00     -79.00     -21.00       1.76       1.76       1.76        257
"Sphere_rLOC"      77.00     -75.00     -23.00       1.76       1.76       1.76        257
"Sphere_lPF"       14.00     -71.00     -34.00       1.76       1.76       1.76        257
"Sphere_rPF"       69.00     -65.00     -34.00       1.76       1.76       1.76        257
"Sphere_VWFA"      -2.00     -55.00     -30.00       1.76       1.76       1.76        257
"Sphere_Wer"      -22.00     -38.00      -8.00       1.76       1.76       1.76        257
"Sphere_Broca"      -4.00      -5.00      14.00       1.76       1.76       1.76        257
"Sphere_lEVC"      20.00     -96.00     -27.00       1.76       1.76       1.76        257
"Sphere_rEVC"      53.00     -96.00     -30.00       1.76       1.76       1.76        257
