                                                                                                        
"Sphere_lFFA"       2.00     -63.00     -18.00       1.76       1.76       1.76        257
"Sphere_rFFA"      79.00     -57.00     -13.00       1.76       1.76       1.76        257
"Sphere_lSTS"     -12.00     -54.00      13.00       1.76       1.76       1.76        257
"Sphere_rSTS"      84.00     -50.00      11.00       1.76       1.76       1.76        257
"Sphere_lPPA"      17.00     -39.00      -4.00       1.76       1.76       1.76        257
"Sphere_rPPA"      70.00     -41.00      -1.00       1.76       1.76       1.76        257
"Sphere_lTOS"       7.00     -82.00      13.00       1.76       1.76       1.76        257
"Sphere_rTOS"      66.00     -78.00       6.00       1.76       1.76       1.76        257
"Sphere_lLOC"       7.00     -77.00       0.00       1.76       1.76       1.76        257
"Sphere_rLOC"      75.00     -86.00       3.00       1.76       1.76       1.76        257
"Sphere_lPF"      -2.00     -62.00     -10.00       1.76       1.76       1.76        257
"Sphere_rPF"      84.00     -62.00     -11.00       1.76       1.76       1.76        257
"Sphere_VWFA"      -7.00     -50.00      -8.00       1.76       1.76       1.76        257
"Sphere_STG"     -18.00     -20.00       7.00       1.76       1.76       1.76        257
"Sphere_IFG"       1.00      13.00      27.00       1.76       1.76       1.76        257
"Sphere_lEVC"      31.00     -93.00      -9.00       1.76       1.76       1.76        257
"Sphere_rEVC"      58.00     -84.00     -10.00       1.76       1.76       1.76        257
