                                                                                                                
"Sphere_lFFA"      -1.00     -53.00       9.00       1.76       1.76       1.76        257
"Sphere_rFFA"      92.00     -46.00       1.00       1.76       1.76       1.76        257
"Sphere_lSTS"      -6.00     -63.00      20.00       1.76       1.76       1.76        257
"Sphere_rSTS"      86.00     -75.00      19.00       1.76       1.76       1.76        257
"Sphere_lPPA"       6.00     -36.00      14.00       1.76       1.76       1.76        257
"Sphere_rPPA"      71.00     -37.00      15.00       1.76       1.76       1.76        257
"Sphere_lTOS"      -1.00     -72.00      39.00       1.76       1.76       1.76        257
"Sphere_rTOS"      71.00     -82.00      42.00       1.76       1.76       1.76        257
"Sphere_lLOC"      -2.00     -61.00      15.00       1.76       1.76       1.76        257
"Sphere_rLOC"      87.00     -68.00      15.00       1.76       1.76       1.76        257
"Sphere_lPF"      -10.00     -52.00       9.00       1.76       1.76       1.76        257
"Sphere_rPF"       89.00     -65.00      11.00       1.76       1.76       1.76        257
"Sphere_VWFA"      -4.00     -43.00       9.00       1.76       1.76       1.76        257
"Sphere_Wer"      -16.00     -23.00      27.00       1.76       1.76       1.76        257
"Sphere_Broca"      -4.00      23.00      36.00       1.76       1.76       1.76        257
"Sphere_lEVC"      26.00     -84.00      15.00       1.76       1.76       1.76        257
"Sphere_rEVC"      49.00     -87.00       9.00       1.76       1.76       1.76        257
