                                                                                                                
"Sphere_lFFA"       5.00     -70.00      -2.00       1.76       1.76       1.76        257
"Sphere_rFFA"      77.00     -60.00      -4.00       1.76       1.76       1.76        257
"Sphere_lSTS"      -9.00     -62.00      16.00       1.76       1.76       1.76        257
"Sphere_rSTS"      83.00     -47.00      22.00       1.76       1.76       1.76        257
"Sphere_lPPA"      18.00     -50.00       9.00       1.76       1.76       1.76        257
"Sphere_rPPA"      63.00     -50.00       7.00       1.76       1.76       1.76        257
"Sphere_lTOS"       6.00     -79.00      26.00       1.76       1.76       1.76        257
"Sphere_rTOS"      73.00     -87.00      17.00       1.76       1.76       1.76        257
"Sphere_lLOC"       7.00     -76.00       4.00       1.76       1.76       1.76        257
"Sphere_rLOC"      79.00     -78.00       4.00       1.76       1.76       1.76        257
"Sphere_lPF"       16.00     -58.00       2.00       1.76       1.76       1.76        257
"Sphere_rPF"       81.00     -71.00      -2.00       1.76       1.76       1.76        257
"Sphere_VWFA"       9.00     -65.00       1.00       1.76       1.76       1.76        257
"Sphere_Wer"       -9.00     -57.00      12.00       1.76       1.76       1.76        257
"Sphere_Broca"     -12.00      19.00      32.00       1.76       1.76       1.76        257
"Sphere_lEVC"      22.00    -101.00      10.00       1.76       1.76       1.76        257
"Sphere_rEVC"      58.00     -96.00      -5.00       1.76       1.76       1.76        257
