                                                                                                                
"Sphere_lFFA"       9.00     -30.00      -5.00       1.76       1.76       1.76        257
"Sphere_rFFA"      80.00     -32.00       4.00       1.76       1.76       1.76        257
"Sphere_lSTS"     -10.00     -57.00      21.00       1.76       1.76       1.76        257
"Sphere_rSTS"      90.00     -51.00      23.00       1.76       1.76       1.76        257
"Sphere_lPPA"      17.00     -34.00      11.00       1.76       1.76       1.76        257
"Sphere_rPPA"      71.00     -32.00      12.00       1.76       1.76       1.76        257
"Sphere_lTOS"      30.00     -83.00       8.00       1.76       1.76       1.76        257
"Sphere_rTOS"      56.00     -77.00       5.00       1.76       1.76       1.76        257
"Sphere_lLOC"       8.00     -84.00      23.00       1.76       1.76       1.76        257
"Sphere_rLOC"      73.00     -81.00      23.00       1.76       1.76       1.76        257
"Sphere_lPF"        1.00     -37.00      -6.00       1.76       1.76       1.76        257
"Sphere_rPF"       84.00     -45.00       0.00       1.76       1.76       1.76        257
"Sphere_VWFA"       3.00     -65.00       0.00       1.76       1.76       1.76        257
"Sphere_Wer"        3.00     -48.00      21.00       1.76       1.76       1.76        257
"Sphere_Broca"       1.00      15.00      40.00       1.76       1.76       1.76        257
"Sphere_lEVC"      32.00     -94.00       3.00       1.76       1.76       1.76        257
"Sphere_rEVC"      53.00     -93.00       7.00       1.76       1.76       1.76        257
