                                                                                                                
"Sphere_lFFA"       5.00     -42.00     -16.00       1.76       1.76       1.76        257
"Sphere_rFFA"      74.00     -48.00     -14.00       1.76       1.76       1.76        257
"Sphere_lSTS"      -8.00     -66.00      -5.00       1.76       1.76       1.76        257
"Sphere_rSTS"      92.00     -63.00      -6.00       1.76       1.76       1.76        257
"Sphere_lPPA"      16.00     -40.00      -5.00       1.76       1.76       1.76        257
"Sphere_rPPA"      64.00     -46.00      -9.00       1.76       1.76       1.76        257
"Sphere_lTOS"       7.00     -87.00       3.00       1.76       1.76       1.76        257
"Sphere_rTOS"      71.00     -94.00      -1.00       1.76       1.76       1.76        257
"Sphere_lLOC"      -6.00     -79.00       2.00       1.76       1.76       1.76        257
"Sphere_rLOC"      82.00     -91.00      -9.00       1.76       1.76       1.76        257
"Sphere_lPF"       -6.00     -70.00     -24.00       1.76       1.76       1.76        257
"Sphere_rPF"       80.00     -75.00     -17.00       1.76       1.76       1.76        257
"Sphere_VWFA"      -2.00     -61.00     -13.00       1.76       1.76       1.76        257
"Sphere_Wer"      -13.00     -39.00       5.00       1.76       1.76       1.76        257
"Sphere_Broca"     -16.00       5.00      28.00       1.76       1.76       1.76        257
"Sphere_lEVC"      28.00     -94.00     -14.00       1.76       1.76       1.76        257
"Sphere_rEVC"      41.00     -95.00     -19.00       1.76       1.76       1.76        257
