                                                                                                                
"Sphere_lFFA"       4.00     -50.00       0.00       1.76       1.76       1.76        257
"Sphere_rFFA"      81.00     -47.00      -4.00       1.76       1.76       1.76        257
"Sphere_lSTS"      -8.00     -54.00      20.00       1.76       1.76       1.76        257
"Sphere_rSTS"      85.00     -49.00      22.00       1.76       1.76       1.76        257
"Sphere_lPPA"      15.00     -37.00       9.00       1.76       1.76       1.76        257
"Sphere_rPPA"      65.00     -39.00       3.00       1.76       1.76       1.76        257
"Sphere_lTOS"      12.00     -80.00       8.00       1.76       1.76       1.76        257
"Sphere_rTOS"      66.00     -80.00      12.00       1.76       1.76       1.76        257
"Sphere_lLOC"      -5.00     -62.00       5.00       1.76       1.76       1.76        257
"Sphere_rLOC"      88.00     -66.00      -1.00       1.76       1.76       1.76        257
"Sphere_lPF"       -1.00     -39.00     -11.00       1.76       1.76       1.76        257
"Sphere_rPF"       76.00     -38.00       0.00       1.76       1.76       1.76        257
"Sphere_VWFA"       1.00     -66.00       0.00       1.76       1.76       1.76        257
"Sphere_Wer"       -3.00     -45.00      11.00       1.76       1.76       1.76        257
"Sphere_Broca"      -3.00      11.00      32.00       1.76       1.76       1.76        257
"Sphere_lEVC"      26.00     -91.00      -2.00       1.76       1.76       1.76        257
"Sphere_rEVC"      55.00     -82.00     -10.00       1.76       1.76       1.76        257
