                                                                                                                
"Sphere_lFFA"      -3.00     -57.00      -4.00       1.76       1.76       1.76        257
"Sphere_rFFA"      72.00     -57.00      -6.00       1.76       1.76       1.76        257
"Sphere_lSTS"     -13.00     -85.00      19.00       1.76       1.76       1.76        257
"Sphere_rSTS"      83.00     -65.00      21.00       1.76       1.76       1.76        257
"Sphere_lPPA"      13.00     -51.00       3.00       1.76       1.76       1.76        257
"Sphere_rPPA"      64.00     -56.00       3.00       1.76       1.76       1.76        257
"Sphere_lTOS"      18.00     -91.00       8.00       1.76       1.76       1.76        257
"Sphere_rTOS"      47.00     -93.00       5.00       1.76       1.76       1.76        257
"Sphere_lLOC"       3.00     -83.00       9.00       1.76       1.76       1.76        257
"Sphere_rLOC"      73.00     -85.00      -4.00       1.76       1.76       1.76        257
"Sphere_lPF"        4.00     -45.00      -6.00       1.76       1.76       1.76        257
"Sphere_rPF"       67.00     -52.00      -8.00       1.76       1.76       1.76        257
"Sphere_VWFA"       4.00     -45.00      -6.00       1.76       1.76       1.76        257
"Sphere_Wer"      -10.00     -37.00      21.00       1.76       1.76       1.76        257
"Sphere_Broca"      -7.00       0.00      21.00       1.76       1.76       1.76        257
"Sphere_lEVC"      20.00     -94.00       0.00       1.76       1.76       1.76        257
"Sphere_rEVC"      57.00     -89.00      -7.00       1.76       1.76       1.76        257
