                                                                                                                
"Sphere_lFFA"       3.00     -41.00      -7.00       1.76       1.76       1.76        257
"Sphere_rFFA"      83.00     -49.00     -12.00       1.76       1.76       1.76        257
"Sphere_lSTS"      -3.00     -53.00      15.00       1.76       1.76       1.76        257
"Sphere_rSTS"      84.00     -52.00       3.00       1.76       1.76       1.76        257
"Sphere_lPPA"       7.00     -41.00      -4.00       1.76       1.76       1.76        257
"Sphere_rPPA"      67.00     -35.00      -5.00       1.76       1.76       1.76        257
"Sphere_lTOS"      10.00     -74.00       7.00       1.76       1.76       1.76        257
"Sphere_rTOS"      75.00     -74.00      14.00       1.76       1.76       1.76        257
"Sphere_lLOC"      -6.00     -61.00      -1.00       1.76       1.76       1.76        257
"Sphere_rLOC"      84.00     -63.00      -1.00       1.76       1.76       1.76        257
"Sphere_lPF"       -1.00     -59.00     -12.00       1.76       1.76       1.76        257
"Sphere_rPF"       76.00     -48.00     -14.00       1.76       1.76       1.76        257
"Sphere_VWFA"      -4.00     -52.00      -3.00       1.76       1.76       1.76        257
"Sphere_Wer"      -15.00     -52.00       7.00       1.76       1.76       1.76        257
"Sphere_Broca"      -3.00      -3.00      24.00       1.76       1.76       1.76        257
"Sphere_lEVC"      27.00     -83.00     -11.00       1.76       1.76       1.76        257
"Sphere_rEVC"      52.00     -81.00      -7.00       1.76       1.76       1.76        257
