                                                                                                                
"Sphere_lFFA"       6.00     -71.00      -6.00       1.76       1.76       1.76        257
"Sphere_rFFA"      78.00     -53.00      -3.00       1.76       1.76       1.76        257
"Sphere_lSTS"       5.00     -70.00      20.00       1.76       1.76       1.76        257
"Sphere_rSTS"      89.00     -65.00      24.00       1.76       1.76       1.76        257
"Sphere_lPPA"      13.00     -51.00       4.00       1.76       1.76       1.76        257
"Sphere_rPPA"      69.00     -48.00       6.00       1.76       1.76       1.76        257
"Sphere_lTOS"      24.00     -93.00      24.00       1.76       1.76       1.76        257
"Sphere_rTOS"      64.00     -80.00      27.00       1.76       1.76       1.76        257
"Sphere_lLOC"      12.00     -94.00      15.00       1.76       1.76       1.76        257
"Sphere_rLOC"      78.00     -81.00      15.00       1.76       1.76       1.76        257
"Sphere_lpF"        5.00     -79.00      -6.00       1.76       1.76       1.76        257
"Sphere_rpF"       80.00     -70.00       2.00       1.76       1.76       1.76        257
"Sphere_VWFA"       1.00     -47.00      -3.00       1.76       1.76       1.76        257
"Sphere_Wer"      -12.00     -62.00      18.00       1.76       1.76       1.76        257
"Sphere_Broca"      -7.00       0.00      32.00       1.76       1.76       1.76        257
"Sphere_lEVC"      28.00     -92.00      -6.00       1.76       1.76       1.76        257
"Sphere_rEVC"      57.00     -86.00      -1.00       1.76       1.76       1.76        257
