                                                                                                                
"Sphere_lFFA"       3.00     -48.00     -28.00       1.76       1.76       1.76        257
"Sphere_rFFA"      72.00     -42.00     -16.00       1.76       1.76       1.76        257
"Sphere_lSTS"     -12.00     -63.00      -7.00       1.76       1.76       1.76        257
"Sphere_rSTS"      84.00     -75.00      -4.00       1.76       1.76       1.76        257
"Sphere_lPPA"      18.00     -33.00     -16.00       1.76       1.76       1.76        257
"Sphere_rPPA"      66.00     -48.00      -7.00       1.76       1.76       1.76        257
"Sphere_lTOS"       6.00     -90.00     -16.00       1.76       1.76       1.76        257
"Sphere_rTOS"      63.00     -90.00      -4.00       1.76       1.76       1.76        257
"Sphere_lLOC"       3.00     -78.00     -19.00       1.76       1.76       1.76        257
"Sphere_rLOC"      69.00     -84.00     -22.00       1.76       1.76       1.76        257
"Sphere_lPF"        6.00     -63.00     -25.00       1.76       1.76       1.76        257
"Sphere_rPF"       69.00     -60.00     -25.00       1.76       1.76       1.76        257
"Sphere_VWFA"      -6.00     -51.00     -25.00       1.76       1.76       1.76        257
"Sphere_Wer"      -18.00     -51.00      14.00       1.76       1.76       1.76        257
"Sphere_Broca"       6.00       9.00      26.00       1.76       1.76       1.76        257
"Sphere_lEVC"      21.00     -78.00     -31.00       1.76       1.76       1.76        257
"Sphere_rEVC"      42.00     -93.00     -25.00       1.76       1.76       1.76        257
