                                                                                                                
"Sphere_lFFA"       3.00     -63.00       0.00       1.76       1.76       1.76        257
"Sphere_rFFA"      87.00     -48.00      -2.00       1.76       1.76       1.76        257
"Sphere_lSTS"      -1.00     -50.00      26.00       1.76       1.76       1.76        257
"Sphere_rSTS"      83.00     -33.00      22.00       1.76       1.76       1.76        257
"Sphere_lPPA"      21.00     -48.00      11.00       1.76       1.76       1.76        257
"Sphere_rPPA"      74.00     -40.00       8.00       1.76       1.76       1.76        257
"Sphere_lTOS"       6.00     -86.00      25.00       1.76       1.76       1.76        257
"Sphere_rTOS"      79.00     -77.00      25.00       1.76       1.76       1.76        257
"Sphere_lLOC"       0.00     -75.00      10.00       1.76       1.76       1.76        257
"Sphere_rLOC"      83.00     -87.00      16.00       1.76       1.76       1.76        257
"Sphere_lPF"        8.00     -64.00      10.00       1.76       1.76       1.76        257
"Sphere_rPF"       86.00     -78.00      11.00       1.76       1.76       1.76        257
"Sphere_VWFA"      -4.00     -73.00       2.00       1.76       1.76       1.76        257
"Sphere_Wer"       -3.00     -35.00      25.00       1.76       1.76       1.76        257
"Sphere_Broca"      -1.00       2.00      39.00       1.76       1.76       1.76        257
"Sphere_lEVC"      34.00     -89.00       2.00       1.76       1.76       1.76        257
"Sphere_rEVC"      57.00     -94.00       8.00       1.76       1.76       1.76        257
