                                                                                                                
"Sphere_lFFA"       1.00     -49.00       3.00       1.76       1.76       1.76        257
"Sphere_rFFA"      83.00     -41.00      -4.00       1.76       1.76       1.76        257
"Sphere_lSTS"      -3.00     -49.00      23.00       1.76       1.76       1.76        257
"Sphere_rSTS"      83.00     -28.00      21.00       1.76       1.76       1.76        257
"Sphere_lPPA"      15.00     -37.00       8.00       1.76       1.76       1.76        257
"Sphere_rPPA"      73.00     -28.00       4.00       1.76       1.76       1.76        257
"Sphere_lTOS"      18.00     -75.00      38.00       1.76       1.76       1.76        257
"Sphere_rTOS"      74.00     -64.00      24.00       1.76       1.76       1.76        257
"Sphere_lLOC"      -6.00     -65.00       8.00       1.76       1.76       1.76        257
"Sphere_rLOC"      87.00     -57.00      14.00       1.76       1.76       1.76        257
"Sphere_lPF"        4.00     -37.00       5.00       1.76       1.76       1.76        257
"Sphere_rPF"       78.00     -39.00      -5.00       1.76       1.76       1.76        257
"Sphere_VWFA"      -3.00     -54.00       9.00       1.76       1.76       1.76        257
"Sphere_Wer"       -2.00     -27.00      17.00       1.76       1.76       1.76        257
"Sphere_Broca"       2.00      37.00      15.00       1.76       1.76       1.76        257
"Sphere_lEVC"      32.00     -91.00      18.00       1.76       1.76       1.76        257
"Sphere_rEVC"      53.00     -79.00      14.00       1.76       1.76       1.76        257
