                                                                                                                
"Sphere_lFFA"       6.00     -68.00      -3.00       1.76       1.76       1.76        257
"Sphere_rFFA"      79.00     -69.00      -3.00       1.76       1.76       1.76        257
"Sphere_lSTS"      -2.00     -59.00      33.00       1.76       1.76       1.76        257
"Sphere_rSTS"      91.00     -41.00      24.00       1.76       1.76       1.76        257
"Sphere_lPPA"      16.00     -46.00       8.00       1.76       1.76       1.76        257
"Sphere_rPPA"      73.00     -44.00       9.00       1.76       1.76       1.76        257
"Sphere_lTOS"       7.00     -92.00      24.00       1.76       1.76       1.76        257
"Sphere_rTOS"      77.00     -89.00      16.00       1.76       1.76       1.76        257
"Sphere_lLOC"       5.00     -72.00       3.00       1.76       1.76       1.76        257
"Sphere_rLOC"      84.00     -67.00      10.00       1.76       1.76       1.76        257
"Sphere_lPF"       10.00     -45.00      -9.00       1.76       1.76       1.76        257
"Sphere_rPF"       76.00     -32.00      -2.00       1.76       1.76       1.76        257
"Sphere_VWFA"       8.00     -72.00       2.00       1.76       1.76       1.76        257
"Sphere_Wer"       -6.00     -49.00      23.00       1.76       1.76       1.76        257
"Sphere_Broca"      -7.00      10.00      11.00       1.76       1.76       1.76        257
"Sphere_lEVC"      33.00    -102.00       4.00       1.76       1.76       1.76        257
"Sphere_rEVC"      51.00    -100.00       3.00       1.76       1.76       1.76        257
