                                                                                                                
"lFFA_Sphere"       4.00     -38.00      -5.00       1.76       1.76       1.76        257
"rFFA_Sphere"      83.00     -51.00       3.00       1.76       1.76       1.76        257
"lSTS_Sphere"      -9.00     -39.00      21.00       1.76       1.76       1.76        257
"rSTS_Sphere"      88.00     -48.00      30.00       1.76       1.76       1.76        257
"lPPA_Sphere"      15.00     -35.00       2.00       1.76       1.76       1.76        257
"rPPA_Sphere"      75.00     -29.00      14.00       1.76       1.76       1.76        257
"lTOS_Sphere"       9.00     -82.00      27.00       1.76       1.76       1.76        257
"rTOS_Sphere"      81.00     -76.00      28.00       1.76       1.76       1.76        257
"lLOC_Sphere"      -5.00     -73.00      11.00       1.76       1.76       1.76        257
"rLOC_Sphere"      85.00     -57.00      16.00       1.76       1.76       1.76        257
"lpF_Sphere"       -5.00     -73.00      11.00       1.76       1.76       1.76        257
"rpF_Sphere"       86.00     -53.00      10.00       1.76       1.76       1.76        257
"VWFA_Sphere"       2.00     -60.00       3.00       1.76       1.76       1.76        257
"Sphere_Wer"      -12.00     -33.00      21.00       1.76       1.76       1.76        257
"Sphere_broca"      -7.00       6.00      37.00       1.76       1.76       1.76        257
"lEVC_Sphere"      29.00     -90.00       9.00       1.76       1.76       1.76        257
"rEVC_Sphere"      69.00     -86.00      10.00       1.76       1.76       1.76        257
