                                                                                                                
"Sphere_lFFA"       9.00     -62.00     -22.00       1.76       1.76       1.76        257
"Sphere_rFFA"      72.00     -44.00     -25.00       1.76       1.76       1.76        257
"Sphere_lSTS"      -1.00     -57.00     -11.00       1.76       1.76       1.76        257
"Sphere_rSTS"      87.00     -64.00      -9.00       1.76       1.76       1.76        257
"Sphere_lPPA"      20.00     -38.00     -12.00       1.76       1.76       1.76        257
"Sphere_rPPA"      67.00     -37.00     -14.00       1.76       1.76       1.76        257
"Sphere_lTOS"      10.00     -86.00     -11.00       1.76       1.76       1.76        257
"Sphere_rTOS"      67.00     -83.00       0.00       1.76       1.76       1.76        257
"Sphere_lLOC"      10.00     -85.00     -12.00       1.76       1.76       1.76        257
"Sphere_rLOC"      64.00     -90.00      -9.00       1.76       1.76       1.76        257
"Sphere_lPF"        4.00     -77.00     -30.00       1.76       1.76       1.76        257
"Sphere_rPF"       65.00     -69.00     -23.00       1.76       1.76       1.76        257
"Sphere_VWFA"       8.00     -71.00     -19.00       1.76       1.76       1.76        257
"Sphere_Wer"       -3.00     -48.00       1.00       1.76       1.76       1.76        257
"Sphere_Broca"     -10.00      10.00      12.00       1.76       1.76       1.76        257
"Sphere_lEVC"      29.00     -96.00     -23.00       1.76       1.76       1.76        257
"Sphere_rEVC"      46.00     -99.00     -31.00       1.76       1.76       1.76        257
