                                                                                                                
"Sphere_IFFA"       4.00     -41.00      -5.00       1.76       1.76       1.76        257
"Sphere_rFFA"      86.00     -52.00      -5.00       1.76       1.76       1.76        257
"Sphere_lSTS"     -15.00     -37.00      14.00       1.76       1.76       1.76        257
"Sphere_rSTS"      84.00     -29.00      19.00       1.76       1.76       1.76        257
"Sphere_lPPA"      10.00     -37.00       1.00       1.76       1.76       1.76        257
"Sphere_rPPA"      66.00     -35.00       1.00       1.76       1.76       1.76        257
"Sphere_lTOS"      11.00     -65.00      22.00       1.76       1.76       1.76        257
"Sphere_rTOS"      79.00     -71.00      16.00       1.76       1.76       1.76        257
"Sphere_lLOC"      -3.00     -58.00       0.00       1.76       1.76       1.76        257
"Sphere_rLOC"      70.00     -73.00       5.00       1.76       1.76       1.76        257
"Sphere_lPF"       10.00     -34.00      -8.00       1.76       1.76       1.76        257
"Sphere_rPF"       83.00     -61.00      -3.00       1.76       1.76       1.76        257
"Sphere_VWFA"      -4.00     -61.00     -10.00       1.76       1.76       1.76        257
"Sphere_Wer"      -14.00     -34.00      20.00       1.76       1.76       1.76        257
"Sphere_Broca"      -7.00      18.00      29.00       1.76       1.76       1.76        257
"Sphere_lEVC"      33.00     -86.00      -4.00       1.76       1.76       1.76        257
"Sphere_rEVC"      55.00     -85.00      -3.00       1.76       1.76       1.76        257
