                                                                                                                
"Sphere_lFFA"       2.00     -43.00     -13.00       1.76       1.76       1.76        257
"Sphere_rFFA"      77.00     -48.00     -18.00       1.76       1.76       1.76        257
"Sphere_lSTS"       2.00     -60.00      10.00       1.76       1.76       1.76        257
"Sphere_rSTS"      95.00     -55.00       6.00       1.76       1.76       1.76        257
"Sphere_lPPA"      21.00     -40.00     -15.00       1.76       1.76       1.76        257
"Sphere_rPPA"      66.00     -36.00     -11.00       1.76       1.76       1.76        257
"Sphere_lTOS"       9.00     -87.00      -6.00       1.76       1.76       1.76        257
"Sphere_rTOS"      71.00     -78.00       5.00       1.76       1.76       1.76        257
"Sphere_lLOC"      -4.00     -78.00     -11.00       1.76       1.76       1.76        257
"Sphere_rLOC"       78.00     -80.00     -15.00       1.76       1.76       1.76        257
"Sphere_lPF"       2.00     -43.00     -19.00       1.76       1.76       1.76        257
"Sphere_rPF"       78.00     -63.00     -15.00       1.76       1.76       1.76        257
"Sphere_VWFA"      -8.00     -49.00     -16.00       1.76       1.76       1.76        257
"Sphere_Wer"      -17.00     -41.00      15.00       1.76       1.76       1.76        257
"Sphere_Broca"      -6.00       6.00      20.00       1.76       1.76       1.76        257
"Sphere_lEVC"      26.00    -100.00     -27.00       1.76       1.76       1.76        257
"Sphere_rEVC"      51.00    -100.00     -12.00       1.76       1.76       1.76        257
