                                                                                                        
"SphereLFFA"      -2.00     -58.00     -15.00       1.76       1.76       1.76        257
"SphereRFFA"      71.00     -65.00     -22.00       1.76       1.76       1.76        257
"SphereLSTS"      -8.00     -53.00      12.00       1.76       1.76       1.76        257
"SphereRSTS"      89.00     -41.00       6.00       1.76       1.76       1.76        257
"SphereLPPA"      12.00     -38.00      -5.00       1.76       1.76       1.76        257
"SphereRPPA"      68.00     -37.00      -6.00       1.76       1.76       1.76        257
"SphereLTOS"       6.00     -77.00      -3.00       1.76       1.76       1.76        257
"SphereRTOS"      68.00     -86.00      -5.00       1.76       1.76       1.76        257
"SphereLLOC"      -1.00     -65.00      -2.00       1.76       1.76       1.76        257
"SphereRLOC"      71.00     -76.00      -3.00       1.76       1.76       1.76        257
"SphereLPF"      -10.00     -69.00     -19.00       1.76       1.76       1.76        257
"SphereRPF"       76.00     -73.00     -21.00       1.76       1.76       1.76        257
"SphereVWFA"      -3.00     -40.00      -9.00       1.76       1.76       1.76        257
"SphereWER"      -12.00     -41.00      12.00       1.76       1.76       1.76        257
"SphereBROCA"      -4.00       5.00      29.00       1.76       1.76       1.76        257
"SphereLEVC"      22.00     -84.00     -17.00       1.76       1.76       1.76        257
"SphereREVC"      41.00     -92.00     -17.00       1.76       1.76       1.76        257
