                                                                                                                
"Sphere_lFFA"       3.00     -48.00      -3.00       1.76       1.76       1.76        257
"Sphere_rFFA"      80.00     -34.00      -5.00       1.76       1.76       1.76        257
"Sphere_lSTS"     -13.00     -45.00      21.00       1.76       1.76       1.76        257
"Sphere_rSTS"      83.00     -35.00      25.00       1.76       1.76       1.76        257
"Sphere_lPPA"      21.00     -40.00      10.00       1.76       1.76       1.76        257
"Sphere_rPPA"      65.00     -35.00       6.00       1.76       1.76       1.76        257
"Sphere_lTOS"      21.00     -77.00      30.00       1.76       1.76       1.76        257
"Sphere_rTOS"      72.00     -66.00      33.00       1.76       1.76       1.76        257
"Sphere_lLOC"      12.00     -69.00       7.00       1.76       1.76       1.76        257
"Sphere_rLOC"      78.00     -74.00      12.00       1.76       1.76       1.76        257
"Sphere_lPF"        7.00     -59.00      -4.00       1.76       1.76       1.76        257
"Sphere_rPF"       80.00     -60.00      -4.00       1.76       1.76       1.76        257
"Sphere_VWFA"       6.00     -27.00      -3.00       1.76       1.76       1.76        257
"Sphere_Wer"      -19.00     -40.00      11.00       1.76       1.76       1.76        257
"Sphere_Broca"      -4.00      26.00      19.00       1.76       1.76       1.76        257
"Sphere_lEVC"      33.00     -90.00      -2.00       1.76       1.76       1.76        257
"Sphere_rEVC"      56.00     -84.00       1.00       1.76       1.76       1.76        257
