                                                                                                        
"SphereLFFA"      -5.00     -33.00     -18.00       1.76       1.76       1.76        257
"SphereRFFA"      81.00     -34.00     -22.00       1.76       1.76       1.76        257
"SphereLSTS"     -10.00     -35.00       6.00       1.76       1.76       1.76        257
"SphereRSTS"      83.00     -34.00       2.00       1.76       1.76       1.76        257
"SphereLPPA"      12.00     -23.00     -14.00       1.76       1.76       1.76        257
"SphereRPPA"      67.00     -26.00     -15.00       1.76       1.76       1.76        257
"SphereLTOS"      20.00     -70.00       1.00       1.76       1.76       1.76        257
"SphereRTOS"      78.00     -61.00      -4.00       1.76       1.76       1.76        257
"SphereLLOC"      -6.00     -46.00      -7.00       1.76       1.76       1.76        257
"SphereRLOC"      87.00     -45.00     -11.00       1.76       1.76       1.76        257
"SphereLPF"       -6.00     -40.00     -17.00       1.76       1.76       1.76        257
"SphereRPF"       88.00     -62.00     -20.00       1.76       1.76       1.76        257
"SphereVWFA"      -7.00     -25.00     -11.00       1.76       1.76       1.76        257
"SphereWER"       -1.00     -25.00       5.00       1.76       1.76       1.76        257
"SphereBROCA"      -8.00      15.00      14.00       1.76       1.76       1.76        257
"SphereLEVC"      22.00     -73.00     -23.00       1.76       1.76       1.76        257
"SphereREVC"      56.00     -71.00     -22.00       1.76       1.76       1.76        257
