                                                                                                        
"SphereLFFA"       4.00     -42.00     -21.00       1.76       1.76       1.76        257
"SphereRFFA"      81.00     -40.00     -12.00       1.76       1.76       1.76        257
"SphereLSTS"     -15.00     -41.00       3.00       1.76       1.76       1.76        257
"SphereRSTS"      89.00     -58.00       0.00       1.76       1.76       1.76        257
"SphereLPPA"      11.00     -53.00      -6.00       1.76       1.76       1.76        257
"SphereRPPA"      71.00     -44.00      -6.00       1.76       1.76       1.76        257
"SphereLTOS"       8.00     -76.00       3.00       1.76       1.76       1.76        257
"SphereRTOS"      70.00     -74.00       4.00       1.76       1.76       1.76        257
"SphereLLOC"       0.00     -82.00      10.00       1.76       1.76       1.76        257
"SphereRLOC"      88.00     -65.00      -1.00       1.76       1.76       1.76        257
"SphereLPF"      -10.00     -65.00      -8.00       1.76       1.76       1.76        257
"SphereRPF"       81.00     -58.00      -8.00       1.76       1.76       1.76        257
"SphereVWFA"      -3.00     -58.00     -11.00       1.76       1.76       1.76        257
"SphereWER"      -17.00     -33.00       4.00       1.76       1.76       1.76        257
"SphereBROCA"       5.00      -1.00      28.00       1.76       1.76       1.76        257
"SphereLEVC"      30.00     -92.00      -6.00       1.76       1.76       1.76        257
"SphereREVC"      54.00     -84.00     -16.00       1.76       1.76       1.76        257
