                                                                                                                
"Sphere_lFFA"       5.00     -43.00       0.00       1.76       1.76       1.76        257
"Sphere_rFFA"      81.00     -58.00      -2.00       1.76       1.76       1.76        257
"Sphere_lSTS"     -10.00     -41.00      22.00       1.76       1.76       1.76        257
"Sphere_rSTS"      86.00     -34.00      23.00       1.76       1.76       1.76        257
"Sphere_lPPA"      18.00     -46.00       5.00       1.76       1.76       1.76        257
"Sphere_rPPA"      63.00     -39.00       1.00       1.76       1.76       1.76        257
"Sphere_lTOS"      31.00     -88.00      15.00       1.76       1.76       1.76        257
"Sphere_rTOS"      57.00     -88.00      13.00       1.76       1.76       1.76        257
"Sphere_lLOC"      -2.00     -75.00      13.00       1.76       1.76       1.76        257
"Sphere_rLOC"      87.00     -70.00       7.00       1.76       1.76       1.76        257
"Sphere_lPF"        0.00     -71.00       2.00       1.76       1.76       1.76        257
"Sphere_rPF"       87.00     -70.00       7.00       1.76       1.76       1.76        257
"Sphere_VWFA"       3.00     -47.00       2.00       1.76       1.76       1.76        257
"Sphere_Wer"      -13.00     -34.00      14.00       1.76       1.76       1.76        257
"Sphere_Broca"       3.00       2.00      32.00       1.76       1.76       1.76        257
"Sphere_lEVC"      31.00     -94.00      14.00       1.76       1.76       1.76        257
"Sphere_rEVC"      50.00     -96.00      13.00       1.76       1.76       1.76        257
