                                                                                                        
"SpherelFFA"       5.00     -32.00      -3.00       1.76       1.76       1.76        257
"SphererFFA"      79.00     -47.00      -6.00       1.76       1.76       1.76        257
"SpherelSTS"       1.00     -57.00      20.00       1.76       1.76       1.76        257
"SphererSTS"      80.00     -50.00      19.00       1.76       1.76       1.76        257
"SpherelPPA"      16.00     -35.00       1.00       1.76       1.76       1.76        257
"SphererPPA"      71.00     -40.00       2.00       1.76       1.76       1.76        257
"SpherelTOS"      28.00     -83.00      13.00       1.76       1.76       1.76        257
"SphereRTOS"      51.00     -88.00      11.00       1.76       1.76       1.76        257
"SphereLLOC"       3.00     -60.00       3.00       1.76       1.76       1.76        257
"SphereRLOC"      74.00     -73.00       4.00       1.76       1.76       1.76        257
"SpherelPF"        1.00     -68.00       0.00       1.76       1.76       1.76        257
"SphereRPF"       76.00     -60.00     -10.00       1.76       1.76       1.76        257
"SphereVWFA"      -6.00     -39.00      -2.00       1.76       1.76       1.76        257
"SphereWER"      -17.00     -39.00      17.00       1.76       1.76       1.76        257
"SphereBROCA"      11.00      35.00      28.00       1.76       1.76       1.76        257
"SphereLEVC"      37.00     -82.00       7.00       1.76       1.76       1.76        257
"SphereREVC"      50.00     -88.00      11.00       1.76       1.76       1.76        257
