                                                                                                                
"Sphere_lFFA"      -5.00     -60.00      -3.00       1.76       1.76       1.76        257
"Sphere_rFFA"      80.00     -58.00       0.00       1.76       1.76       1.76        257
"Sphere_lSTS"     -10.00     -64.00      24.00       1.76       1.76       1.76        257
"Sphere_rSTS"      91.00     -61.00      18.00       1.76       1.76       1.76        257
"Sphere_lPPA"      21.00     -45.00      -4.00       1.76       1.76       1.76        257
"Sphere_rPPA"      60.00     -45.00      -5.00       1.76       1.76       1.76        257
"Sphere_lTOS"       6.00     -82.00      18.00       1.76       1.76       1.76        257
"Sphere_rTOS"      67.00     -77.00       5.00       1.76       1.76       1.76        257
"Sphere_lLOC"      -1.00     -77.00      -2.00       1.76       1.76       1.76        257
"Sphere_rLOC"      75.00     -78.00       4.00       1.76       1.76       1.76        257
"Sphere_lPF"       10.00     -61.00       0.00       1.76       1.76       1.76        257
"Sphere_rPF"       73.00     -52.00      -6.00       1.76       1.76       1.76        257
"Sphere_VWFA"       6.00     -63.00      -2.00       1.76       1.76       1.76        257
"Sphere_Wer"       -4.00     -52.00       5.00       1.76       1.76       1.76        257
"Sphere_Broca"      -1.00      12.00      25.00       1.76       1.76       1.76        257
"Sphere_lEVC"      25.00     -84.00      -7.00       1.76       1.76       1.76        257
"Sphere_rEVC"      57.00     -86.00      -3.00       1.76       1.76       1.76        257
